timestamp,ROI,Token Price,Trade Volume
1541208929000,1.000219361817572,190.5161701283922,4.50
1541278948000,1.0005469621710141,202.19490037833586,11.14
1541349786000,1.0000195284374163,203.6538449532109,0.39
1541420957000,1.0000012515605607,203.31464946333932,0.02
1541492111000,1.0000357029346776,212.45688734307993,0.71
1541563675000,1.0000920561417834,218.32127087055036,3.29
1541633523000,1.0000137810707286,217.4306036419289,0.52
1541704729000,1.0000170087775255,213.02554613301635,0.68
1541775648000,1.0003464698111435,209.13083067070298,13.97
1541846343000,1.0000080253636732,206.90461622936238,0.32
1541916662000,1.0003432400092578,214.8509644574516,13.79
1541987229000,1.0000240912056837,209.68786023888336,0.98
1542057712000,1.0000487156608313,212.4573070878102,1.98
1542129179000,1.000015095694469,208.2164952646393,0.62
1542200038000,1.0000241304319024,202.5937491928152,1.10
1542270610000,1.0004861309193207,176.29059565866075,23.68
1542341124000,1.000671333057208,183.8607484528211,33.99
1542411439000,1.0001470130538839,174.8226391567055,7.24
1542482550000,1.0000125766044865,175.3870990454237,0.63
1542552521000,1.0000738640294733,176.39909470302672,3.72
1542623314000,1.0001198090375873,156.26650572920494,6.16
1542695059000,1.000135184736642,142.83052342922858,7.35
1542766416000,1.000819265749335,126.81404190899643,47.56
1542837640000,1.0001349535564372,132.16205889405134,7.99
1542908721000,1.0001271949972081,130.19948470816428,8.27
1542979249000,1.0001581590927335,121.83301959957653,10.61
1543049762000,1.0000321815189321,121.35060110033852,2.20
1543120048000,1.0006196400419949,102.4951285821323,44.72
1543190421000,1.0012377388725275,116.21572739297791,100.76
1543261444000,1.000144709132449,111.62517785072238,10.11
1543334296000,1.0001198851124722,105.68102774907508,8.58
1543405660000,1.0001100758352768,114.99846901213078,7.73
1543476363000,1.0005082765559459,120.02422671254433,34.75
1543547699000,1.0001892649398185,117.85234404335844,13.51
1543618808000,1.0001014223747997,112.30736600888577,7.42
1543689978000,1.000081303887608,120.73912869454651,6.05
1543762528000,1.0001299379070765,116.39469116691338,9.95
1543833579000,1.0001044177965053,112.3480110747056,8.14
1543904618000,1.0001122690957351,108.06673584933063,8.92
1543976854000,1.000065141120716,110.40711559738412,5.25
1544047777000,1.0002004283561774,104.04869614152798,18.94
1544119637000,1.0006453977507725,95.6027896095534,64.72
1544191617000,1.0014296765648372,85.59964344554848,158.97
1544263439000,1.00045177935481,89.22528870019089,58.62
1544334704000,1.0002442282670774,89.57721781144319,46.72
1544405011000,1.0003901901012289,92.12759088860193,93.25
1544475718000,1.0003390850715463,89.60842312963744,95.15
1544547488000,1.0002779439348826,85.89356939617616,80.71
1544618822000,1.0001315283456078,88.73342288680504,38.51
1544689901000,1.0000546951805498,88.15821939513718,15.97
1544761330000,1.0000581328084588,85.764528025046,17.21
1544832405000,1.0002737762094809,80.8244285923096,86.90
1544903281000,1.0002511094164206,79.78139034252936,78.07
1544974705000,1.0001442573387418,85.4567289699982,44.37
1545047794000,1.000033590599244,85.19541439473176,9.77
1545121062000,1.000247957889278,93.6190112405372,71.32
1545194042000,1.0002130092064008,103.48705458731648,61.00
1545268401000,1.0006087436625155,100.4466077293517,168.69
1545342023000,1.0003104604877844,110.95902702468726,84.56
1545415730000,1.0002261810711903,108.51928130864623,60.60
1545489450000,1.0001587831133412,109.30775132916573,43.73
1545562634000,1.0003739444204338,130.86367550683985,99.30
1545636119000,1.0004674968015859,146.56894657051132,112.75
1545708423000,1.001250977001936,132.6417904358282,296.43
1545781311000,1.0001897908461488,129.4290008436604,48.52
1545853370000,1.0002171856023123,129.50224920575937,55.40
1545927395000,1.0001695795451944,126.00270592332961,43.73
1546000562000,1.0002299263985033,116.29639730928795,62.35
1546073485000,1.0002828669045911,137.5427175111321,72.28
1546145827000,1.0003533991002018,135.4306653853852,90.14
1546218595000,1.0001287491602677,139.44818933426964,32.78
1546292150000,1.00010373963644,133.052012353688,26.51
1546365675000,1.000241380276012,135.061759380485,62.46
1546438572000,1.0002224816197676,151.28737530535082,55.73
1546513937000,1.0002441124891286,149.3893639051032,58.89
1546591053000,1.0002849826282936,156.48668291544567,71.71
1546669576000,1.0002814209508653,158.5501252116696,76.81
1546745738000,1.0003169219660024,151.7471849982817,97.87
1546823093000,1.0001626801445518,156.22381843507029,62.54
1546899613000,1.0000898601141428,152.45440075737613,36.18
1546978150000,1.0001716955037403,152.02674785915076,66.92
1547055036000,1.0001063320463568,151.81151497388552,41.13
1547132534000,1.0003920557338206,133.62476906185108,165.67
1547210059000,1.0002699103934771,124.06829983714015,121.01
1547287230000,1.0001296531349548,128.1194883362233,59.01
1547364620000,1.0001235645134692,123.67394362601885,57.04
1547441816000,1.000377134452345,118.23791740765692,218.58
1547518339000,1.0002418118882592,131.94230383146734,138.93
1547595530000,1.0003145289368347,120.12407401450434,181.90
1547673644000,1.0001324473475195,124.08108792120213,80.12
1547751054000,1.000065997692964,123.51153753034694,43.79
1547828619000,1.000056853530331,122.3570652096581,38.05
1547904215000,1.0000582360865735,126.96035351366312,38.58
1547981162000,1.0000609690526203,124.91630415175771,41.83
1548061637000,1.000111311540071,117.20437580087906,79.83
1548146240000,1.0002960316463723,116.48356146853384,226.88
1548232784000,1.0001312687532962,119.70038077951382,96.50
1548317720000,1.0004186938509059,116.79167543146289,325.13
1548402864000,1.0000680752167865,117.64262255890151,50.66
1548487485000,1.0003989482486073,117.16985884176037,297.63
1548573526000,1.0001668641714958,116.37195371998988,125.21
1548660153000,1.0005061904362318,107.9977206464277,395.10
1548748418000,1.0003795455064814,102.56546978323053,284.25
1548837025000,1.0003003624469957,105.12702676925996,205.66
1548924193000,1.0006669156435966,108.20062624111064,468.47
1549012454000,1.000810278494369,104.96142022191938,609.91
1549101725000,1.0002749656661403,106.21170078037878,209.98
1549189411000,1.000363617720227,108.8475653160926,270.75
1549277128000,1.0003850085813288,108.61121207828437,301.82
1549364548000,1.0003310955256872,107.37573230811948,276.26
1549452970000,1.0006156897695497,103.75343470194954,525.24
1549541642000,1.000453082318735,106.25630192473328,391.12
1549628950000,1.0003446957770892,109.22554759035897,330.82
1549717506000,1.001507581537894,120.04154644551052,1559.95
1549810793000,1.0006444051977244,118.68148494714231,686.24
1549913781000,1.0007652054008558,124.7012437033318,825.70
1550015706000,1.0012154846705645,123.7215827060402,1233.21
1550119035000,1.0010385311742687,124.46425951056543,1036.33
1550223641000,1.000524870419976,123.40505434619648,568.38
1550326685000,1.0006947661698828,124.39686173814162,832.08
1550429585000,1.000641082815147,129.29448631619232,1049.98
1550532875000,1.001681167350768,147.76394479878707,2502.19
1550633598000,1.001102621868602,143.4721805693515,1594.78
1550735511000,1.001358548778986,147.36424593496199,2204.39
1550837309000,1.0007812993896088,149.2545713369168,1604.46
1550937834000,1.0004978848517136,149.3060217753052,1127.86
1551038450000,1.002191347982101,140.83447014643014,5239.01
1551140412000,1.0010395062739004,140.64694112488922,2830.02
1551242071000,1.0009408874241783,137.30500535453177,3047.85
1551342768000,1.000604502447248,139.37346220737356,2024.49
1551431102000,1.000390497639951,139.19810935294015,1329.37
1551500225000,1.0010230439785353,138.69826612144604,3464.91
1551568203000,1.0002919183539491,136.35013050567474,1016.82
1551635562000,1.0002359424942449,134.54122096567167,827.19
1551703372000,1.0009730538017312,127.45227249096966,3970.18
1551770679000,1.0004916493979585,130.2868742810619,2032.29
1551838168000,1.0007605727165902,138.60395445483127,3101.87
1551905102000,1.0003397227191828,141.85518961035902,1406.42
1551973041000,1.0002311634994714,141.53922628213354,975.50
1552039745000,1.0002828613001273,142.25799842016096,1217.03
1552108151000,1.000457348836938,140.44356975729178,1982.36
1552175208000,1.0005470576400486,139.6724906846748,2371.23
1552241652000,1.000109087112322,136.79500214585644,488.64
1552309136000,1.0001351775913612,133.69402209294566,628.93
1552376359000,1.0003526877982312,133.09613233897116,1663.07
1552443118000,1.0001526146358455,134.3857512978205,726.56
1552510965000,1.0001502319694222,132.7727841567589,720.61
1552578457000,1.000184712559476,133.20849545522285,887.68
1552645085000,1.000168123215706,134.69466071875743,806.81
1552712032000,1.0003512639239243,145.33553779111,1654.30
1552778665000,1.0004773080415532,144.86215404744453,2237.36
1552845464000,1.0003076919795864,143.14542795071148,1498.75
1552913957000,1.0002701533929343,142.39346067517073,1315.93
1552981368000,1.0002738165508787,141.57354233753838,1347.68
1553048481000,1.0002291961443024,142.30591678609287,1154.27
1553115278000,1.0002497232916032,142.88927681475562,1254.74
1553183074000,1.0001442714993132,140.44092426646782,741.87
1553250112000,1.0002225389325,138.61743626312634,1166.39
1553317511000,1.0000600987029202,138.36168592896524,316.35
1553384962000,1.0001437644428885,140.1751438419515,855.31
1553452320000,1.000280095657971,138.35293114507894,1477.06
1553519035000,1.0000989194699237,135.89233572748347,476.59
1553586275000,1.0003167030491076,134.84733734396926,1550.04
1553654855000,1.0002129212859967,139.26031012402885,1048.66
1553721327000,1.0001846994503756,140.99817988769956,894.86
1553789263000,1.000237730869822,141.31023018768283,1156.79
1553856960000,1.000162410237731,144.4462964728787,790.10
1553924945000,1.0004755888103392,147.799746199172,2295.62
1553992486000,1.0001210503426117,146.70647704714702,586.34
1554060309000,1.0001971419392748,145.58665902148894,961.33
1554127394000,1.0001419229299746,146.70237372260303,692.31
1554195576000,1.0004096156454467,156.78730136251284,1964.00
1554262735000,1.0007268831861595,176.08204740184934,3403.21
1554331280000,1.000851746004273,175.352853785183,3793.05
1554398543000,1.0006001360641186,161.66345077199446,2710.43
1554466199000,1.0004363642160088,169.23543364894817,2000.25
1554532618000,1.0001452707396115,168.54754761408878,652.50
1554599495000,1.0002368679824045,171.0944861381447,1048.78
1554666574000,1.0001046944864869,176.46960359241717,463.06
1554733845000,1.0008747383998922,182.35295372859352,3749.19
1554800647000,1.000679996109132,184.34330049877462,2861.63
1554867921000,1.0007859519235325,189.1764923079243,3526.85
1554934968000,1.000410413168002,184.58435373903336,1861.83
1555002718000,1.0004521134469806,172.72028663184778,2141.63
1555070200000,1.000432812265967,172.91108928336646,2126.70
1555136518000,1.000328209537935,172.73632222633586,1601.88
1555203091000,1.0001133079923357,170.0157474314449,573.63
1555270669000,1.0002257321900927,168.61073579522107,1186.87
1555337473000,1.0002962696356819,170.2998698111091,1544.14
1555405471000,1.0006340588264022,165.949618268634,3291.53
1555472795000,1.0004237520159402,172.11486195014342,2206.95
1555539993000,1.0001997607882898,170.76693559446818,1039.66
1555608237000,1.0004107665764954,178.53867693308493,2182.27
1555674728000,1.0002183163734344,176.81982901781828,1171.78
1555741612000,1.0001869019158964,179.6767271414615,1006.16
1555809867000,1.0001754177574815,177.56972900952422,930.53
1555876621000,1.0001578560779825,174.8467137648142,806.81
1555943613000,1.0001593825120811,176.18334400736344,807.73
1556011928000,1.0001683350459516,179.4438995888385,848.46
1556079702000,1.0004675976097277,175.06249313670216,2336.50
1556147660000,1.0003901606768575,169.84567754984036,1993.18
1556214175000,1.0001885634916248,169.9684751741704,982.92
1556281668000,1.0014149918597057,155.76353833287683,7666.10
1556348416000,1.0004887203927777,156.87237362845337,2805.42
1556415030000,1.0003608901827548,159.468567525033,2103.09
1556482542000,1.0002849854399785,156.65082510558247,1672.92
1556549842000,1.0002756901316263,153.91880415827197,1568.98
1556616633000,1.0004394276355448,157.96399040909748,2427.51
1556684172000,1.0005652649358876,164.77532627371951,3161.86
1556750704000,1.0001600116898937,159.80115677735213,890.32
1556818035000,1.0001954254393308,161.02254773591383,1071.57
1556885912000,1.0003154702621595,169.20422813817459,1776.05
1556953014000,1.0002885697145478,165.45247858327065,1603.82
1557019302000,1.000159664275668,165.02369782198215,892.37
1557087154000,1.0003325180008105,164.08437884980947,1880.66
1557155617000,1.0004409775995118,168.51002438313313,2461.24
1557223295000,1.000595477994174,177.7319853957436,3135.37
1557291012000,1.0003728800140674,171.6557942358843,1936.02
1557358549000,1.0004491405578952,171.8168702337969,2136.61
1557426851000,1.0003214250027894,167.10488402347156,1494.23
1557494292000,1.000257564471405,173.56011188070644,1204.38
1557561044000,1.0001575596259995,178.26485881251202,745.07
1557628854000,1.0018085943401147,197.0175565326646,8176.38
1557695794000,1.000912383017267,192.879115219165,4094.53
1557763956000,1.0005044996462271,203.85995353999562,2257.32
1557830231000,1.0010181762508419,205.3571172248563,4488.37
1557897304000,1.0011887164325994,222.77179365002016,5179.72
1557964138000,1.0034045568723156,244.30835003246816,12217.31
1558032652000,1.0024548773962443,258.530195607584,8226.69
1558099488000,1.0025418137978395,235.43972670021364,8578.36
1558166754000,1.0006613511099378,236.39979447544485,2264.47
1558234852000,1.0004423360066184,244.8101336886521,1519.55
1558301987000,1.0005047073036772,259.5392396233036,1678.82
1558370897000,1.00082619709893,250.58836402138954,2767.04
1558438516000,1.00044813827851,253.0287074021713,1456.99
1558506088000,1.0004283103227487,260.28308770129956,1371.33
1558573856000,1.0004461545081618,242.24844059337724,1453.25
1558641898000,1.000682001602153,241.83042622924373,2269.05
1558709678000,1.0004410682005818,253.38914591894581,1441.36
1558776750000,1.0002656602053708,253.84764935603795,859.28
1558842948000,1.0002933342378968,248.9344643861116,952.66
1558910067000,1.0003646636684356,267.48538391826764,1175.79
1558977860000,1.0002728256555362,266.95752314426664,865.48
1559045953000,1.0003603386905366,269.58882721407196,1144.85
1559112912000,1.0007780422415327,262.989062372452,2434.05
1559179166000,1.0002950605203182,271.38826254954745,793.65
1559247339000,1.0009203013841521,263.5808358503198,2194.95
1559315112000,1.0016651508643015,262.81161399958194,4129.46
1559382148000,1.0005109082732595,271.3541606900276,1126.48
1559449529000,1.000381051265493,265.60601589938847,781.18
1559517685000,1.0003844847291037,271.5889562303698,800.64
1559586560000,1.0011439334448868,261.93526070743997,2468.64
1559653274000,1.0020531726889172,245.39512796306235,4576.33
1559721446000,1.0011162783566683,245.4437140207914,2527.31
1559788436000,1.0005757286855899,244.68444776761103,1298.53
1559855826000,1.0003909845193244,241.12873644212505,882.16
1559923832000,1.0005708502296617,248.62180187549328,1268.66
1559991921000,1.0006662550820091,249.7505258295498,1472.64
1560059515000,1.0001507763910522,240.25246679976516,341.04
1560127542000,1.0005051444686681,232.78247608179882,1164.46
1560194172000,1.0004993150820256,244.64691755823125,1147.51
1560262359000,1.000256948090051,242.33489228644464,585.26
1560329676000,1.000281562709226,248.7069648430017,639.02
1560397568000,1.0007971174911492,261.1789575930254,1788.04
1560464402000,1.00037968003478,261.9726311424754,851.34
1560531936000,1.000742134163983,257.0548644268861,1688.52
1560599838000,1.0003405385669126,264.37767029974157,777.66
1560668105000,1.0025207281970907,276.5266475471369,5773.08
1560734814000,1.0007329246288985,276.20199878575994,1693.08
1560802452000,1.000400778822966,274.9180589570544,936.97
1560870679000,1.0003867396077506,269.23820860175505,909.30
1560937524000,1.0003940665322495,269.8868389962439,944.08
1561005597000,1.0002674883436564,273.06159828531645,639.40
1561073016000,1.0005406456916528,273.97354588655054,1307.41
1561140851000,1.0014335334708138,290.1879874522274,3367.54
1561208281000,1.0007352768014928,310.6655191072304,1624.22
1561275287000,1.002217218915748,312.342982789079,4858.86
1561342449000,1.0006794102411216,306.09102865939064,1482.57
1561409629000,1.000214541491239,306.4229993883386,475.46
1561476955000,1.0006160137901834,308.4998492621718,1361.29
1561543836000,1.0008904460683081,327.689135941144,1889.75
1561611356000,1.002430558028921,333.31313939394533,5059.37
1561679479000,1.0023282584505773,293.66471440807453,5085.17
1561747149000,1.0007836242747108,307.39725391831894,1743.63
1561814305000,1.0006240820506795,309.4149008579379,1428.37
1561881035000,1.000611642246636,311.12451404700954,1382.49
1561948615000,1.000657981128239,302.60269087495897,1506.04
1562015969000,1.0005230428303897,295.18818853398767,1224.83
1562082973000,1.000889336304338,291.08076937233704,2079.01
1562150796000,1.0007776879893167,298.0196901309016,1793.55
1562218341000,1.0008145117536054,304.1324933086367,1893.89
1562285611000,1.0005941703624184,287.6635073583054,1392.85
1562352854000,1.0005341093134077,294.61818898547546,1277.12
1562419899000,1.0004139636062943,292.582193780351,973.64
1562486913000,1.0003068835088142,289.5978643623783,733.49
1562553800000,1.00048868232747,307.9501554233391,1131.43
1562620679000,1.0006868095831913,316.6345693235026,1573.36
1562687655000,1.0005194646642999,312.8913801855601,1206.93
1562755228000,1.0005329640756773,312.742363586371,1306.19
1562821814000,1.0013897792241588,273.93309985877653,3613.84
1562889775000,1.0004351219552783,273.7086919163882,1191.57
1562957966000,1.0002994651673618,279.7670391317721,834.77
1563025451000,1.0001562314299193,276.1320099157126,441.95
1563091362000,1.0007337916850223,269.23380844453845,2151.57
1563158482000,1.0024054888321816,218.5549277892283,7508.20
1563226501000,1.00118076906623,233.87918981880242,3948.94
1563295219000,1.0007723626941292,210.29488685105795,2603.82
1563362708000,1.0026311944020805,203.98866923667603,9280.96
1563430869000,1.0013289182195744,220.89891977913854,4533.72
1563496525000,1.000592033740435,227.70173765909135,1995.94
1563564858000,1.0005362656257804,220.6439069062525,1934.41
1563631313000,1.0005115293728526,225.74918719382458,1827.44
1563698150000,1.0006078222075223,227.17605074400782,2139.32
1563765551000,1.0001728802797347,225.65385748338716,615.30
1563832155000,1.0007984120178508,217.60453141588332,2882.96
1563899459000,1.0006926029340888,210.59209260327006,2545.00
1563966329000,1.0005655672198965,207.38799598490974,2126.38
1564033316000,1.0009099939320292,218.7626631289447,3362.59
1564101403000,1.0004097512858754,215.8470619301506,1514.90
1564168317000,1.0008912405024093,218.25944612035136,3393.27
1564235604000,1.0008120822284998,206.6976153495102,3095.94
1564302116000,1.000127697102396,207.6092385926163,500.82
1564369151000,1.0003331170212153,212.31748805338626,1312.27
1564436686000,1.000186383351367,209.98365626009985,733.95
1564503925000,1.0004269920266038,213.06911684269042,1691.25
1564570789000,1.0002114255499073,213.4798315048243,828.49
1564637313000,1.0007477041130337,213.59844586086885,2889.45
1564705696000,1.0001670248857761,216.38957706513636,653.79
1564772699000,1.0003100353900756,216.19300619834556,1213.12
1564839134000,1.0002189743073877,222.86463002901692,859.10
1564905518000,1.0001261490746918,218.54422722546903,503.42
1564972688000,1.0001973847073629,226.08129767653097,787.71
1565039690000,1.0004208936188128,232.23439514876492,1645.68
1565106699000,1.0003182518593543,229.1541180713938,1248.24
1565173880000,1.0001671195797717,226.12840172601634,661.25
1565241308000,1.0002171803611108,225.87390347764753,852.75
1565308246000,1.0002595476478324,219.66722694675164,1034.70
1565375748000,1.001273788117961,207.63853979843418,5250.65
1565441736000,1.0002476491694263,205.3451423978132,1023.68
1565509207000,1.0001561617245747,210.70148951324634,682.00
1565576260000,1.0001554515991162,213.90819767112384,676.86
1565643196000,1.000095686134333,212.1651708724646,420.10
1565710691000,1.0001131423393839,204.54062298959977,499.59
1565776959000,1.00020114115245,205.32530054330277,900.74
1565843533000,1.0010004906752057,179.61633710843464,4740.86
1565911450000,1.0008804830752578,187.3144200480203,4280.25
1565978340000,1.0003102096275627,185.16114552129307,1482.83
1566044959000,1.0001202633527975,185.11388045081628,572.33
1566113085000,1.0002303132920003,182.46898446238254,1105.29
1566179461000,1.0004029624121962,193.34642864677846,1852.60
1566246801000,1.0002959627475096,197.87419273626108,1337.05
1566314677000,1.0001939347947495,193.98734981641002,847.06
1566381517000,1.0002266022151365,187.64587190172483,1007.80
1566448943000,1.0003662527075468,184.58092802801184,1655.21
1566516026000,1.000271340380986,192.22348704861804,1204.11
1566583035000,1.0001622882971046,193.08602577540705,707.22
1566649948000,1.0002822527315085,186.3433621426087,1219.72
1566717936000,1.0001036171116104,187.6467959815085,458.06
1566784085000,1.000400650063511,189.40554593535262,1787.82
1566851133000,1.0000924665849658,185.0247148852177,409.00
1566920101000,1.0002564476769615,183.3281225834336,1144.12
1566986635000,1.0001887489762287,183.0326419645162,836.98
1567054177000,1.001179548427731,166.72451233776496,5377.80
1567120257000,1.000505200928531,167.350097131864,2317.59
1567187642000,1.0002713174783762,166.3051168987275,1235.13
1567255013000,1.000149950511511,166.03918042805125,678.04
1567321929000,1.0001965802869779,169.4638494121841,869.85
1567389294000,1.0001987404059878,168.73277798655022,881.18
1567457291000,1.0002680336019136,177.92285052025568,1171.95
1567524520000,1.0002019506173303,178.8638631064406,876.26
1567591445000,1.000155908465347,175.29018675424595,675.19
1567658685000,1.0002307922029163,172.46668854099607,1011.53
1567726271000,1.0002401564219703,173.12422701302958,1101.29
1567794373000,1.0002203878389582,169.55504112213993,1006.13
1567860872000,1.0001750892722934,168.501998812703,812.19
1567928417000,1.0002637001506205,180.3850705512823,1181.23
1567996252000,1.0001771521142238,178.6392820189382,796.67
1568063465000,1.0003150105696414,178.9095588354022,1438.78
1568130759000,1.0000791557769624,178.55917859105077,360.67
1568198340000,1.0003663472131343,175.89759101000973,1698.61
1568266003000,1.0001989836477256,175.91229590438724,923.28
1568332434000,1.0000705571611075,179.80418314032943,321.91
1568400865000,1.0001376450623731,175.54718510366996,624.54
1568467502000,1.0001061400360465,179.32366056068838,482.66
1568535532000,1.0001410620258222,185.21621960061475,633.73
1568603177000,1.0001783659591874,192.31552659126595,791.02
1568669970000,1.0001518153516014,197.07679618623803,661.53
1568737700000,1.0003087816465384,207.62381767229587,1321.37
1568803850000,1.0003444845044211,215.1499381019511,1428.31
1568871705000,1.0004504535250962,203.2265883216833,1891.72
1568939678000,1.0003485159705083,219.59729967288243,1437.16
1569006694000,1.0001505451369896,216.07047287158284,613.76
1569074199000,1.000089124660743,214.27367427932415,361.77
1569142150000,1.0001311748567492,211.6727406605812,536.80
1569209597000,1.000123278296841,208.6740191808407,508.78
1569276280000,1.0002373192390925,201.8249323418929,989.32
1569344903000,1.000576795080041,188.85836724334584,2485.85
1569412741000,1.002381008894815,166.00110726585064,11091.75
1569480328000,1.0004030567709332,168.18855788074478,1915.05
1569548219000,1.0005222161830436,162.52950303488143,2671.32
1569615424000,1.0003107878529263,166.47003914288194,1550.12
1569683184000,1.000173063802341,169.1928900535738,837.36
1569751196000,1.0002020385675034,168.85917015054244,976.48
1569817983000,1.000176468160019,165.9617511921028,862.60
1569885879000,1.0002667158131122,176.5260065867837,1284.91
1569953471000,1.0003112729251602,175.7643673860651,1475.92
1570021093000,1.0002007557124968,175.74665588468616,988.49
1570088581000,1.0001507169088277,176.7688170975887,754.29
1570156245000,1.0002125010337997,172.52421918613535,1083.22
1570223512000,1.00036876386752,176.29801717762558,1905.50
1570290984000,1.0000879873330246,173.23472624475903,426.32
1570358020000,1.0000930829744492,172.43846954745567,450.31
1570424401000,1.0001233815392254,170.98554005772996,607.76
1570492273000,1.0006087086860662,179.9019468792593,3106.94
1570560314000,1.0001810285373012,178.9147156939447,868.51
1570628456000,1.0002141195257843,182.44278118905027,1020.40
1570696365000,1.0004448819201694,191.16093898601287,2057.30
1570764407000,1.000262504047935,190.88827785707414,1229.50
1570832121000,1.0002090889476507,179.94820461697685,1000.10
1570900657000,1.0001433099937584,182.0547222521642,705.41
1570967603000,1.0000988208000572,181.64158672826056,487.63
1571036079000,1.0000895611695442,181.90088481120222,445.32
1571103316000,1.0002107774835356,185.49317394770696,1066.52
1571171084000,1.0001652138380381,179.519179399889,844.40
1571239896000,1.0001761489231076,173.8699915665629,917.94
1571307873000,1.0002454839193278,176.04893314058233,1286.65
1571376291000,1.0001183114511545,174.42812138901462,620.56
1571444011000,1.0001641792967102,172.11231539594584,874.20
1571512073000,1.000091147514784,171.00581228534068,485.67
1571579975000,1.0000982291453775,170.55633459687843,529.08
1571648150000,1.0000830754695307,173.3832053628442,445.53
1571716619000,1.0001507931630202,173.47829612678873,808.21
1571783991000,1.0001159706616654,170.90965532629411,628.64
1571851268000,1.000610400160687,158.36559521097317,3387.68
1571920923000,1.0001505583423387,160.61378245555616,837.05
1571990353000,1.0001041766311354,160.88031222092772,576.32
1572060724000,1.0010120737621861,185.0343664221883,5272.89
1572129485000,1.0004428794912605,176.60032950239494,2274.11
1572198558000,1.0003189787558777,184.69984537062464,1627.62
1572267917000,1.0002753443024932,182.8557810421242,1391.99
1572337649000,1.0002643291537872,184.86342627627124,1351.19
1572406531000,1.000244911031633,190.65251557064687,1228.34
1572476793000,1.0001800130238447,182.32448386171794,921.06
1572546064000,1.0003802267370643,182.42165751057973,1959.24
1572615810000,1.0002735994588063,179.96858595148808,1387.41
1572684939000,1.0001072321009552,182.3379594510359,539.10
1572754262000,1.0000842542843493,183.88138403540535,425.86
1572822749000,1.0000853456968946,180.67602745389516,435.13
1572893104000,1.0001329219004158,186.26825339965308,675.89
1572962724000,1.0002146685461304,185.76589613390547,1089.46
1573031855000,1.000187072444794,191.9750221597871,948.54
1573101222000,1.0001559962347515,188.59305177999383,794.27
1573171451000,1.0001730022569875,186.06719064714724,1007.07
1573240765000,1.0001700568134653,183.74105238712866,1007.80
1573311556000,1.000219890468217,184.57334450885466,1296.90
1573382543000,1.0002202503653501,187.14505607323366,1290.74
1573455245000,1.0002382796090408,186.3342980022045,1386.75
1573527153000,1.0003568970954577,185.49876657091184,2087.59
1573598526000,1.0001016467275696,185.78054273855602,688.41
1573670409000,1.0001427293352325,187.51853639110504,1046.40
1573742983000,1.0001116443193472,184.37526057064622,846.61
1573814675000,1.000242104804542,182.34197196893416,1867.62
1573886613000,1.000223871023537,179.4769148113729,1746.50
1573958177000,1.000158083642652,182.166842376827,1214.89
1574030120000,1.0001710641935002,184.29685813863506,1298.37
1574102523000,1.0002038302629477,175.0523498319304,1498.97
1574175364000,1.000169209719584,174.73336923276685,1194.77
1574248216000,1.0001722886618671,174.167035920083,1155.29
1574319702000,1.0000831415754203,173.6485323216517,476.76
1574390894000,1.0007710372835674,162.30401660236805,4415.50
1574463158000,1.003239662274233,149.43081270976498,17682.72
1574534614000,1.000567238453996,151.53476682892344,3001.31
1574606767000,1.0004021086189534,145.68403735710592,2100.78
1574677937000,1.00226214594911,135.4923394720802,12107.83
1574753753000,1.001033754057837,145.66476343690687,5138.08
1574829912000,1.0002803901187447,144.34087295209227,1393.27
1574906610000,1.0003321282727395,153.86664414890282,1530.61
1574982967000,1.0003199896596793,150.4715218615833,1414.64
1575059347000,1.0012147361412609,155.25063863785658,5339.27
1575136068000,1.0002235387956995,151.3358907339432,992.86
1575212493000,1.0001891051534364,151.37032192109672,863.85
1575288653000,1.0003896688652518,148.52528902020217,1772.87
1575366165000,1.0008986479810862,148.34155084148546,4075.44
1575442393000,1.00024784750499,144.5237523344682,1143.86
1575519604000,1.0002557768777876,145.88220360235155,1188.38
1575596839000,1.0001900923899814,148.95260217467293,883.40
1575673602000,1.0001911696350043,149.29246899115887,894.74
1575749392000,1.0001795847739832,148.75498065913231,838.01
1575826602000,1.0001272320483088,151.35674320486166,592.96
1575903384000,1.0001151306445606,150.8427979130742,532.53
1575979374000,1.000257132608652,147.573681053666,1152.75
1576056123000,1.0003974008922019,146.52434720810638,1788.94
1576132843000,1.0001341734988338,142.7040140898358,610.35
1576208669000,1.0001111205116973,144.5430273178276,506.77
1576288118000,1.000154565868752,144.66942748438643,704.13
1576372313000,1.0001548861617608,140.77790052396554,705.46
1576456679000,1.0001208602389449,142.7611035363912,542.16
1576541361000,1.0006876625316603,132.73251179209672,3189.04
1576627001000,1.001352029832434,121.53717880939332,6081.36
1576713534000,1.0015247585049505,133.3132491469417,5708.19
1576799699000,1.0003556157904467,127.97970928390535,1313.76
1576886273000,1.0006387636418284,128.7259496781522,2367.65
1576971438000,1.000097951171839,127.13825059617587,369.23
1577057861000,1.000080533054455,131.60347620997882,300.62
1577143907000,1.000310575063422,128.14086125171553,1152.18
1577229621000,1.000208386250076,128.18460122401217,773.88
1577315631000,1.0002930038405373,125.5997737864031,1101.29
1577402327000,1.0002767407105426,125.43846170779501,1033.49
1577488582000,1.0002158794277096,126.04026975876592,800.75
1577573599000,1.00018960766735,127.8802996948395,678.48
1577659927000,1.000173773375401,135.08413605759418,611.04
1577746179000,1.0002258436320266,131.68992125668814,667.99
1577832303000,1.0002586682670762,128.5250352701001,776.45
1577918935000,1.0002251696628333,130.23612840676265,667.40
1577997589000,1.0003534058058066,126.41671688355181,1069.12
1578063677000,1.0000894994531024,132.0447003222813,268.69
1578129566000,1.0000718343529205,133.28547221053367,212.11
1578195701000,1.0000520969101103,135.6725432738087,153.09
1578261907000,1.0001831362632918,136.09615146949665,523.53
1578327837000,1.0003141318629178,140.70562827808158,895.51
1578393679000,1.0004422698967546,142.43312334934248,1257.59
1578459841000,1.0005465171126076,144.68789024323559,1548.45
1578526345000,1.0006448506756593,139.9843332817012,1822.21
1578592894000,1.0001870738488572,135.49000507688322,529.59
1578658814000,1.0003209362552006,137.6967763823876,915.71
1578724741000,1.0001401682344613,142.08130485200485,391.28
1578790822000,1.000484560429678,142.46875931743045,1338.71
1578857025000,1.0006737894064426,144.38685152894402,1872.19
1578923015000,1.0001589700174147,142.9682072799562,451.29
1578989540000,1.0002026884762867,148.84338747955624,617.45
1579055596000,1.0008080725083592,166.59558749524018,2359.70
1579122050000,1.0004444224264784,165.46979026619388,1209.39
1579188604000,1.0004059438736927,161.83936258975777,1101.81
1579254375000,1.0005821724855053,171.6530211887543,1453.36
1579320115000,1.0004665872907683,171.413896098019,1140.34
1579386588000,1.0005890302657616,176.45890673803328,1414.82
1579453251000,1.000716526956031,164.58757726989816,1732.75
1579518909000,1.0003483619869973,164.55877739402143,855.79
1579584998000,1.0004584664838434,166.92540659509143,1124.30
1579650516000,1.0003007691838164,168.5759291806329,734.89
1579717286000,1.000920654917801,167.54475715391592,2237.73
1579783170000,1.0003271768704627,161.94150190848225,832.53
1579848954000,1.0002136175603664,158.58544705548556,562.67
1579915579000,1.000175359002964,158.3881034655058,462.97
1579982233000,1.0001402316074999,160.55277311684833,355.35
1580049245000,1.0000815207208889,162.741619408294,204.61
1580114658000,1.0001518456996834,166.39359670760277,376.87
1580180893000,1.0001813156020753,172.64162171569427,443.94
1580247630000,1.0001710997897804,172.8820156276235,411.86
1580313366000,1.0002324196678805,175.10741754770913,550.97
1580380051000,1.0001023169267116,175.06691688311622,232.61
1580446477000,1.0006530284168123,182.45714516380383,1453.57
1580512997000,1.0001148743583357,181.63911839316174,256.32
1580579921000,1.000060050884195,183.65621835634593,133.21
1580645575000,1.0004146090783472,190.57858167291897,906.21
1580711822000,1.0002856549131278,191.07984743972438,599.58
1580778615000,1.0005700055721072,190.94701694931328,1197.50
1580844182000,1.0001139624375723,187.34108120775517,239.86
1580910496000,1.0006073559774136,197.04921725476564,1259.84
1580977343000,1.000263802366691,208.68976232478386,454.13
1581043789000,1.0003630985341296,219.26166516393423,597.19
1581110121000,1.0001738845215615,218.4336868506281,269.16
1581177428000,1.000221309518246,225.57933250772228,340.90
1581243665000,1.0001585146296836,227.50500533154315,242.26
1581310184000,1.0005432001180818,223.20710836624284,819.01
1581375300000,1.0002284007920197,222.29978381969792,349.06
1581441429000,1.0001554982303842,234.59018011809778,235.23
1581508790000,1.000352049534113,256.5030469038227,506.30
1581574720000,1.0004425302822042,272.8301635768723,596.50
1581641265000,1.000445964738155,265.32608821687995,575.59
1581707956000,1.0001967629342494,284.1010412344977,251.25
1581774043000,1.000290400240823,282.144338677207,354.51
1581841298000,1.0005637025675596,268.8225999306674,697.81
1581907086000,1.0005986824267628,253.15981151902167,732.11
1581973926000,1.0005158658770117,258.8541549479087,628.51
1582040665000,1.0002742734786876,272.79337016508043,322.67
1582106715000,1.0007036749771114,278.8323139632028,790.86
1582173039000,1.0008369351045998,259.50082154703665,967.12
1582240159000,1.0002838260224847,258.2148734638756,331.40
1582306851000,1.0001654205800452,266.81870210095883,190.85
1582372667000,1.000701927816661,260.0536600688882,808.30
1582439543000,1.0001670324557077,270.16984097886615,193.13
1582505376000,1.000164274671437,276.5519207262375,185.80
1582571821000,1.0002647401152527,261.9314014933928,302.07
1582638796000,1.0005456495556242,259.13177342946983,635.42
1582705647000,1.00044812565078,237.36691877886554,532.69
1582771019000,1.0006349593081505,216.9343002344194,785.21
1582837876000,1.0003954969715558,231.71703071801787,487.42
1582904573000,1.000430357638051,222.57790877906788,522.82
1582970808000,1.0002404844835784,224.81912823819525,290.36
1583036689000,1.0002831271530999,221.36811340050818,346.95
1583103301000,1.000366855301619,216.4310690037028,452.79
1583168974000,1.0007273849267888,231.18721054152354,889.07
1583235956000,1.00028308973786,229.7696810776343,341.71
1583302077000,1.0002082372523464,224.77634234843296,252.25
1583368317000,1.0001257048221046,224.70556055582455,152.70
1583435384000,1.000243399787202,231.30301184319842,295.43
1583502285000,1.0001021136155963,236.9029923558578,121.55
1583567810000,1.000090426542807,241.61332993026755,102.22
1583633541000,1.0002697511689436,230.84070157714785,291.10
1583699841000,1.0004716277080827,211.6728962563519,534.91
1583767163000,1.0013020169773148,193.30431508991936,1526.75
1583833348000,1.0006551449722134,195.98265763454236,787.42
1583900197000,1.000279499158906,199.5893162029634,327.48
1583966404000,1.000862491438134,189.92087425401812,1042.66
1584033400000,1.0033517710863344,134.8426068400681,4658.34
1584100621000,1.0141304561050128,128.86253195965682,11616.77
1584168330000,1.0052156090359516,129.49872766480536,3343.84
1584234522000,1.0031109218428271,116.16281725035961,2061.90
1584300469000,1.0047281311579066,118.64644635320927,3224.87
1584367227000,1.008693302844667,101.97831952251802,6270.46
1584434720000,1.0026219080248433,115.64284101530151,1822.17
1584500082000,1.00122099443291,113.52552610141088,829.95
1584566455000,1.000831984268983,113.49880378008132,568.69
1584632903000,1.0014416711323104,125.88063606591533,1009.20
1584699859000,1.001636530945806,146.2854263443866,1005.57
1584766483000,1.0018506994189824,130.91368935014725,1139.13
1584833664000,1.0006423052247109,131.65436578917402,401.13
1584902413000,1.000716172261869,122.69603808355632,450.91
1584970249000,1.00064281895256,127.81347494713131,413.65
1585036977000,1.0011005907669546,132.1148035998874,697.95
1585105600000,1.0005943042509253,133.57606350132968,367.21
1585173391000,1.0004706593128148,131.85767012421488,311.68
1585239172000,1.000257493205119,132.65903269459204,165.65
1585306138000,1.000243640367512,134.51280618866755,155.63
1585372283000,1.0007913255963676,125.19361630442428,514.23
1585438491000,1.000173855421556,127.2879751373743,115.32
1585504149000,1.000275879040232,124.91231586894226,182.66
1585571105000,1.0003767077265604,130.40210215385605,254.26
1585637238000,1.0001912259493924,129.4953216135244,125.33
1585704243000,1.0002435159321241,129.81385913370812,160.47
1585770840000,1.0001644007125312,127.58596924316728,108.80
1585836257000,1.000311081203061,134.48642055006957,203.48
1585903293000,1.0005034179426513,141.77253889797916,322.19
1585969610000,1.0002952850312046,139.01759151072372,187.21
1586036191000,1.0001943626616938,142.3614824028581,124.09
1586102872000,1.0000670596181556,142.21162199681163,42.24
1586169028000,1.0003032535602157,152.83775745946807,191.55
1586236183000,1.0008137748637036,167.70225079233532,480.17
1586301955000,1.0006861898138368,159.73635337372352,406.87
1586368858000,1.000273961345437,166.3038205776593,156.36
1586434964000,1.0002117779642647,165.61494351825843,119.91
1586501245000,1.00034460866696,160.16251427340364,199.86
1586568529000,1.0006355682116295,158.10298603179194,381.34
1586635021000,1.0001705891898869,154.7809620617773,99.69
1586701369000,1.0002771526756764,159.29911787568568,161.45
1586767741000,1.0006299495984408,151.76295386454981,371.61
1586833705000,1.000504679050089,157.62440019264483,297.07
1586900049000,1.0001863594336735,159.27065545543638,109.30
1586966921000,1.0003502586561674,155.87553860746752,206.40
1587033174000,1.000806483097368,170.38322322760015,469.96
1587099968000,1.0005009383331158,168.27726531511698,284.59
1587167698000,1.0008255999244249,168.8431597966115,474.14
1587234387000,1.0009290139179101,178.25948803364963,516.93
1587300847000,1.0005269455951094,182.54744487143014,287.60
1587368133000,1.0006662735805383,182.56757810265682,369.01
1587434258000,1.0003664716266474,173.2017833359417,206.97
1587501138000,1.0008402044775322,172.4196601619907,478.27
1587568237000,1.0007707476471086,181.54655123855676,433.11
1587634602000,1.0005906582074404,180.55132746265022,327.14
1587701744000,1.0013209140706172,187.8307557305658,723.35
1587768625000,1.001231259632894,188.35246797735107,679.61
1587836062000,1.0004555395035057,193.7444615569636,246.56
1587902337000,1.00017925326867,196.01369263964426,96.52
1587969951000,1.0015487995517747,196.64535815329054,855.43
1588036978000,1.000629688745313,195.82224484941696,340.24
1588104246000,1.0007230346899572,197.67100932186835,389.48
1588170340000,1.0002763110403934,211.22790465224335,146.45
1588237076000,1.0019383706825742,216.7348091900885,1002.10
1588305064000,1.000935758969852,209.99938503647573,491.98
1588371539000,1.0007437295035753,211.0543047814903,391.28
1588438821000,1.0006048666990333,214.20883691116742,324.48
1588506516000,1.000570522913298,215.18328556916669,298.14
1588572377000,1.0006657797032417,195.51268198969518,356.62
1588638430000,1.0023975452044913,208.11288657094724,1277.99
1588705743000,1.0009268049048405,203.5430075606015,494.97
1588771981000,1.0010940725339665,208.10021712595017,583.08
1588839881000,1.0007833763608298,202.2534559537989,420.49
1588906152000,1.0007079896367683,209.26815506162455,373.92
1588972800000,1.0020316197622865,212.7600409402582,1076.55
1589040204000,1.0031540708890587,211.78999258152373,1677.33
1589107927000,1.002999258150776,189.64435446414504,1680.74
1589174391000,1.0009866914756458,187.23488296893032,557.01
1589241093000,1.0023515846452733,180.60390070656658,1343.45
1589308656000,1.0009020025907813,191.67114960732323,514.57
1589375621000,1.0003427372768352,189.82953941989462,187.94
1589442351000,1.0028992920175663,189.25900996884695,1545.57
1589509055000,1.0000438407761008,189.83058167937125,23.49
1589576701000,1.000023153636564,189.24988845549044,12.42
1589644333000,1.0000337503118755,190.00739250039177,18.27
1589711000000,1.000034595983772,190.00631283765702,18.57
1589778055000,1.000020692017886,187.59388186026197,12.25
1589845567000,1.0000127357249566,189.9028532815312,7.30
1589913105000,1.0000128848340695,189.69144487596947,7.34
1589980117000,1.0003346768423997,189.18444497205888,190.79
1590047677000,1.0000052104733859,189.21424329742302,2.98
1590113970000,1.000000509484621,189.12482789051197,0.28
1590181994000,1.0000500737961877,188.76740904344823,24.01
1590248502000,1.0001954452740378,188.99780822283938,88.93
1590316431000,1.0000201518137153,189.1760717590861,8.93
1590383553000,1.0004941569002725,190.2278944211407,218.37
1590451139000,1.0000052470550935,189.13365425802198,2.33
1590517845000,1.000002328550975,189.7156926930851,1.03
1590584981000,1.0000004517101668,189.799597347036,0.20
1590652494000,1.0000088771233238,188.58485253320663,3.93
1590719602000,1.0000611381765465,189.2242128132474,27.09
1590786531000,1.0000146583744247,190.07964114618338,6.49
1590853669000,1.000015161870428,189.4437712560257,6.72
1590919824000,1.000025116863739,189.7299057728699,11.10
1590987649000,1.000004573846653,189.79707672166603,2.01
1591054955000,1.00013025651516,190.77923465402327,56.91
1591122115000,1.0000114471596553,190.3729258161354,5.00
1591189759000,1.000038113530167,189.74295015012675,16.55
1591256276000,1.0000029017389147,190.20029612580868,1.26
1591323776000,1.0000849154472036,189.85487784336976,36.39
1591389945000,1.0000826077534677,186.69317601129043,34.14
1591457899000,1.0001332667691507,190.35425824622837,54.95
1591524138000,1.0000046918834555,190.30731987739182,1.92
1591590964000,1.0000750893941932,189.92394782789876,30.81
1591658478000,1.0000052949183278,189.81733041290295,2.17
1591725334000,1.0000643249320726,187.80480522505556,26.86
1591793059000,1.0000345576625433,188.6319810038693,14.30
1591859571000,1.000030839264566,189.8455519078639,12.67
1591926628000,1.0000196112242954,188.77922993319066,8.05
1591993124000,1.0000033435252118,188.9551404517916,1.38
1592060020000,1.000066454659474,189.75272240908183,27.30
1592126059000,1.0000276091162716,187.83328114954273,11.36
1592193218000,1.0000858498270773,189.3306255208236,35.29
1592259061000,1.0000153158891951,190.26728076990634,6.29
1592326391000,1.0000000024928457,190.26791223219678,0.00
1592393573000,1.000018792405595,190.1490967282753,7.71
1592460543000,1.0000009500826488,190.3720179785658,0.39
1592527754000,1.0000107240964076,189.75496321254866,4.40
1592594022000,1.000416213791775,189.7341406512666,170.89
1592661070000,1.0000027500987958,189.8685168002501,1.13
1592727831000,1.0000270770441393,189.6604165466844,11.10
1592794125000,1.0002277452762247,190.64178058230638,96.86
1592861502000,1.0000062959456002,189.7219783958175,2.58
1592927890000,1.0000068743645474,189.5221674731632,2.82
1592995513000,1.0000030573735812,190.2954778680156,1.25
1593062546000,1.0000114257936206,188.10364447969337,4.70
1593128647000,1.0000531744721741,189.6796440363277,22.14
1593195376000,1.0000277761180518,190.1609870683603,11.44
1593262962000,1.0000593078204338,189.68916204089155,24.25
1593330837000,1.0000073000457457,188.35401199233263,3.00
1593396882000,1.000001569885326,187.98010850431064,0.64
1593464751000,1.0000158551246696,189.56537198273818,6.52
1593531858000,1.0000003230052608,189.6469142215944,0.13
1593599509000,1.000002112183169,189.51203820162112,0.86
1593666201000,1.0002354862293157,190.08349108569735,95.64
1593732971000,1.0002271610809603,187.12631109612968,81.98
1593800162000,1.0000058463698176,188.58987472020405,1.64
1593866326000,1.0000008384220511,188.8005311688222,0.13
1593933211000,1.0000111405128163,191.62574106003083,1.11
1594000010000,1.000011878876205,190.3713788402583,1.18
1594067228000,1.000134190854801,190.9416469472468,13.33
1594133831000,1.0004055437409651,191.04918930785288,39.90
1594199176000,1.0000274293098512,188.69249718125505,2.74
1594266589000,1.0001016145864143,189.7467410532969,10.15
1594334149000,1.000001509354831,190.12860359310386,0.15
1594400599000,1.0000647796179474,190.36817390553205,6.45
1594467342000,1.0000186266832933,187.49266463036597,1.87
1594534363000,1.000010966637765,190.25520781697156,1.09
1594600559000,1.0000037259870802,191.20226856759635,0.37
1594667176000,1.0001752928566503,190.65707388808508,17.28
1594734577000,1.0000139053744537,187.72499701000785,1.38
1594801444000,1.0000094909742683,189.84362130149458,0.94
1594868516000,1.0000911960936303,189.94940894426765,9.00
1594935634000,1.0000394063654234,189.1532856816229,3.89
1595002354000,1.0000038529291324,190.1268408995515,0.38
1595068938000,1.0000216170422016,190.25320500907446,2.13
1595135940000,1.0000105801473327,190.1941825538605,1.04
1595202619000,1.000000316854612,190.27443927591938,0.03
1595270294000,1.0001095318515056,184.72800781185023,10.81
1595338300000,1.0001157783261072,183.39426276939298,11.65
1595405073000,1.000358912135164,181.29572060046388,36.59
1595471028000,1.0001777467585007,187.38582959966928,18.40
1595537940000,1.0000349496293819,182.67419883320665,3.53
1595604570000,1.0000355856261127,191.5901704751435,3.56
1595672114000,1.0000368461789368,192.01464057132372,3.63
1595738927000,1.0000609450576319,190.73533134879958,6.01
1595805432000,1.0002461605110224,189.74996698104752,24.29
1595872747000,1.000031088680115,188.0609131928023,3.11
1595939151000,1.0000496066053777,189.8621491877517,4.90
1596006108000,1.0000995930658274,190.7601443751274,9.84
1596072129000,1.0000325750306,190.38679973754287,3.21
1596140024000,1.0000663328803425,189.79321923779386,4.10
1596207016000,1.0000904897491087,192.91397655104223,5.66
1596273444000,1.0000911186524448,189.29646586541952,5.49
1596339947000,1.0017945203086356,192.5119267281102,107.51
1596406368000,1.0002136064443765,191.7105006829224,12.83
1596473308000,1.0005163181988788,189.8458190896343,31.10
1596540683000,1.0003607702855335,190.5605520830276,21.76
1596606713000,1.0002151883190176,191.08596428302903,12.96
1596674074000,1.000367498579638,189.3513116444945,22.23
1596740019000,1.0000397339129508,191.5098480779964,2.40
1596807570000,1.0001138690214924,189.7262962554852,6.86
1596874169000,1.0000125774268462,192.93528020514754,0.76
1596940389000,1.0016200792367964,190.20809022745698,95.18
1597006979000,1.000009482710269,192.62968565842607,0.57
1597073639000,1.000002593237597,193.2964577888354,0.15
1597140607000,1.0000030336370684,194.07950551428428,0.18
1597207222000,1.000035653294941,190.00713920951023,2.13
1597273425000,1.000142267249044,189.22105177852765,8.54
1597340255000,1.000009172548339,191.55309231403265,0.55
1597406581000,1.0000150034736415,195.42429042126628,0.89
1597472334000,1.000238451090215,186.34568875566794,14.29
1597539439000,1.000013497118744,187.94035582541318,0.82
1597606146000,1.0001531811120297,191.80739920943032,9.37
1597673119000,1.0000640586779563,190.54169720109897,3.78
1597740778000,1.0000434553289095,182.60883274999796,2.62
1597805915000,1.0000072704518983,184.38712346033395,0.44
1597872975000,1.0000017928273977,184.8280167343332,0.11
1597939059000,1.0,184.8280167343332,0.00
1598005285000,1.0000228422548487,189.79683492757383,1.37
1598071853000,1.0000849461276358,189.48483015079503,5.01
1598138530000,1.0001236516051393,189.7940614891551,7.04
1598204486000,1.000051644277936,191.33230383523855,2.94
1598271030000,1.0000059598810878,192.85834352670113,0.34
1598337535000,1.0001696223733232,189.6995034748589,9.67
1598404244000,1.0000566643209228,189.6501829991333,3.24
1598469678000,1.0001436369616494,189.93691804940423,8.20
1598536356000,1.0000018393924248,190.40289924932932,0.11
1598602302000,1.0002290692118627,189.7201019985809,13.10
1598668615000,1.0,189.7201019985809,0.00
1598734918000,1.0,189.7201019985809,0.00
1598801522000,1.0,189.7201019985809,0.00
1598867833000,1.000351154399933,192.4455174625915,20.00
1598932763000,1.0000874738338026,196.17599885713315,5.02
1598998765000,1.0000090003476745,198.5479548461673,0.51
1599065306000,1.0000736893003446,193.7643326027128,4.20
1599131830000,1.0000026431273816,193.0830991974855,0.15
1599197725000,1.0000796338548723,190.52281174138193,4.51
1599263811000,1.000300149420569,188.6049041370569,17.13
1599330041000,1.0000124113064839,191.75399231545097,0.71
1599395453000,1.0000108491126865,194.55392519246175,0.62
1599461746000,1.0000239130399893,189.80893003240118,1.36
1599528172000,1.0001093020433083,188.99609589567805,6.22
1599594452000,1.0000096445490692,191.44359252964264,0.55
1599661253000,1.000457939828735,192.2206369422055,26.02
1599727959000,1.0,192.2206369422055,0.00
1599793183000,1.0000486809004716,189.85194384159692,2.76
1599859185000,1.0001107196137022,189.59757730499697,6.32
1599925296000,1.0000023598755734,190.19465501909096,0.13
1599991924000,1.0002094445320031,189.7488950312648,11.93
1600057881000,1.000081459830051,192.04499074484684,4.63
1600125024000,1.0000086430435255,194.27401718474147,0.49
1600190832000,1.000010763958324,197.08544236889304,0.61
1600257235000,1.0000098615820432,199.69677681208805,0.55
1600323285000,1.000211333947413,190.66876993886117,11.99
1600389220000,1.0020729301280134,194.71227299623672,116.09
1600456406000,1.0002180787005635,190.6054905252604,12.11
1600522839000,1.00042379817669,188.19219583552461,20.72
1600589122000,1.0002297595462042,190.51717530356726,11.01
1600654235000,1.0000918141226185,191.88603966409738,4.30
1600719844000,1.0002255739990122,194.63471198764597,9.60
1600786926000,1.0,194.63471198764597,0.00
1600852525000,1.0000058895072421,196.16983992475136,0.25
1600920149000,1.0000385733169754,199.97397966917174,1.63
1600986137000,1.000039232165842,189.83121073029312,1.67
1601053079000,1.0002608789566536,195.94421410891593,11.13
1601120014000,1.000156785554424,189.74947966712963,6.65
1601187908000,1.0003697585840152,189.1008112775973,15.75
1601255204000,1.0000072316041373,190.38602651934355,0.31
1601323528000,1.0000394598434466,194.9374135603778,1.68
1601390741000,1.0001474307560878,198.03013143095126,6.25
1601459154000,1.0000487157517406,189.47668953844226,2.07
1601525869000,1.0000078276616373,187.79520338390842,0.34
1601592730000,1.0000042196929408,187.0512923122765,0.18
1601660827000,1.0000012440866004,187.36148932467285,0.05
1601728631000,1.0001060089747098,189.7461950613968,4.51
1601796104000,1.0000201228289314,194.93347181893114,0.86
1601863935000,1.0001367687789278,191.46755540813024,5.78
1601931072000,1.0001016019131683,190.30799854296743,4.32
1601998104000,1.0002733694931623,194.17913520402894,11.65
1602065856000,1.0000589448339603,190.26871476342367,2.50
1602133843000,1.0000125767075083,193.4949718958525,0.54
1602202095000,1.0000074502977625,195.42602189412747,0.31
1602270387000,1.0000326056258746,195.29960958058473,1.39
1602337276000,1.0001405390666698,189.87754945744956,5.94
1602403481000,1.00001051015602,192.5619596117737,0.45
1602469107000,1.0000133093300354,196.00919845434422,0.56
1602535471000,1.0000670356718933,189.75125674598388,2.83
1602601229000,1.0,189.75125674598388,0.00
1602667579000,1.002540429145336,189.68168865233392,107.78
1602732764000,1.006057032809345,189.90427643311367,257.36
1602799114000,1.0000015663196542,190.30090249136867,0.07
1602865569000,1.0000115736998896,193.26736496535528,0.49
1602931980000,1.0000571718204083,194.40625900356454,2.44
1602998570000,1.0000446601626203,192.303083670879,1.91
1603065231000,1.0000024199863207,192.92414692602807,0.10
1603130753000,1.0000100989139047,195.53997162256783,0.43
1603196826000,1.000523291429561,194.34105154825224,22.35
1603263141000,1.0000434108544567,193.21595228875708,1.86
1603329593000,1.000275218430292,189.74579220203526,11.78
1603395740000,1.0000031865948402,190.55303711820054,0.14
1603462512000,1.0000170538413748,194.94027803742867,0.73
1603528247000,1.0000357071638577,189.7537194006763,1.53
1603594450000,1.000020108917216,192.52039517626582,0.86
1603661160000,1.0001499634481137,189.7425562441786,6.42
1603728251000,1.0000065609811706,191.40837106694164,0.28
1603793902000,1.0000132059540852,194.8107555280637,0.56
1603860005000,1.0000999730131603,194.8047270262073,4.26
1603925650000,1.000036402208215,190.9990289648061,1.56
1603992067000,1.0000002246781714,191.05617370144842,0.01
1604059142000,1.0001029311094736,190.7406100293842,4.42
1604125251000,1.0000056291746668,192.1781498013174,0.24
1604191395000,1.0000407999779597,189.75477477419923,1.74
1604257692000,1.0000515183117045,191.25817140548997,2.23
1604324653000,1.0002121632497878,184.38468328187204,9.09
1604390633000,1.0000089781788535,186.60377873270102,0.39
1604457123000,1.0000095155686393,188.98583965821453,0.41
1604523521000,1.0000629281075692,191.30635504666563,2.70
1604589935000,1.0000157531163376,195.37619524064775,0.67
1604655075000,1.000027593737107,189.71664786448494,1.18
1604721624000,1.0000054809294394,191.10860896697088,0.24
1604788406000,1.0002017997614312,189.85505063459703,9.18
1604855096000,1.0000000621275267,189.87075498416527,0.00
1604921012000,1.0000624335538273,191.61270053317517,2.72
1604986692000,1.000036443111258,190.24747837864865,1.56
1605054181000,1.0001430029999414,188.99452586337523,6.14
1605120052000,1.0000004877894868,189.1069960979266,0.02
1605187095000,1.000012195788716,192.2091011065684,0.52
1605252569000,1.0002884427273144,189.70794983012985,12.32
1605319158000,1.0000246204695593,192.66996831284968,1.06
1605385703000,1.0000064473143973,194.33440773321604,0.27
1605451285000,1.0000242065362954,189.77681872749434,1.04
1605517681000,1.0000592550764285,190.44474228335034,2.57
1605583771000,1.0000000000000004,190.444742283232,0.00
1605650122000,1.0000864904288518,189.75014793421008,3.70
1605717149000,1.0,189.75014793421008,0.00
1605783309000,1.000012132712202,192.84923161936408,0.52
1605849265000,1.0,192.84923161936408,0.00
1605915938000,1.0000514639007096,188.28224735565283,2.01
1605982271000,1.0000538726864043,190.6066819325909,2.11
1606048118000,1.000014156762047,191.29735022503266,0.56
1606114478000,1.0001474663234893,191.09109511230778,5.75
1606181350000,1.0007287211512446,189.76966285170997,28.24
1606247275000,1.000025337220164,196.33315478362402,0.99
1606314098000,1.0001080091746455,189.75362469653115,4.22
1606380252000,1.0001388167860181,188.9213094864641,5.65
1606446290000,1.0000068229068748,190.64670488981608,0.27
1606513752000,1.0000398161837487,187.96585259269065,1.58
1606579323000,1.0000046931877282,189.14530711786895,0.18
1606644580000,1.00000787895843,191.1448783842352,0.31
1606711814000,1.0002275774825835,193.53869099310586,8.87
1606777403000,1.0000013108213779,193.87688550316355,0.05
1606843839000,1.000250115666207,195.0142219103721,9.76
1606911253000,1.0000369336742068,191.80889875395334,1.45
1606976748000,1.0000135513349844,194.224671107722,0.53
1607043153000,1.0000346562777351,192.06117552926747,1.36
1607109266000,1.0000090743592394,189.81067495407402,0.36
1607176193000,1.0000559450019344,194.06528717984713,2.19
1607242529000,1.0000066045865128,193.2607162662451,0.26
1607309267000,1.00002954864062,189.75610371090792,1.16
1607375492000,1.0000111141280743,186.96350987980358,0.44
1607441996000,1.0000082741779805,189.04017426936414,0.33
1607508150000,1.0000093733940736,191.42148078828805,0.37
1607573702000,1.0000003868414773,191.5201037867883,0.02
1607640980000,1.0000414697764246,189.75512233626483,1.61
1607708371000,1.0000139395620133,193.3262395080298,0.54
1607774843000,1.000146330848953,189.75164713702043,5.69
1607840923000,1.0000144415749341,193.44510480015984,0.56
1607907786000,1.0000095370365172,195.92423424760307,0.37
1607973990000,1.00000026518113,195.99342252668956,0.01
1608039974000,1.000015245847755,192.04957761367203,0.59
1608106809000,1.0000324277217516,190.2151248589075,1.25
1608172715000,1.0000763278954334,193.00085179815332,2.96
1608239436000,1.0000319222634255,201.47214367828064,1.23
1608305426000,1.000055535912894,192.59639029218692,2.16
1608372164000,1.0000089718831466,194.91763430042883,0.35
1608437899000,1.0000351348362748,195.54893069702274,1.36
1608504061000,1.0000593864721088,190.95164571854443,2.30
1608569893000,1.0000091393987298,193.29643161785435,0.35
1608636545000,1.0,193.29643161785435,0.00
1608702922000,1.000127812311457,191.5650274756217,4.94
1608768583000,1.0001481894417519,191.58028347240509,5.76
1608835449000,1.000001805330997,192.0414614263987,0.07
1608902154000,1.000251426606683,196.703165541839,9.73
1608968406000,1.0000726013569947,191.4841875206892,2.81
1609034138000,1.0000294276969777,199.16189494813798,1.13
1609100774000,1.000045980286201,192.3154184399018,1.79
1609165810000,1.0000911410462792,191.86735316150433,3.53
1609232681000,1.00001445739516,195.186122938642,0.56
1609300140000,1.0000058446619022,196.09809508120995,0.22
1609365524000,1.0001019157216433,192.26965255984362,3.93
1609431762000,1.0000274753383684,196.33696516488598,1.06
1609498801000,1.0002512639689385,193.37320111738964,9.70
1609563999000,1.0000131562000982,196.79570654648515,0.51
1609630001000,1.000006626341755,198.5433614882348,0.25
1609696530000,1.0002294114985597,191.7552925371758,8.84
1609763514000,1.0000182210753654,196.48081565345836,0.70
1609829565000,1.0002012982392603,196.88980070460107,7.77
1609895571000,1.0001627632823427,189.82448577578873,6.28
1609961853000,1.0000223058614466,185.12231143720584,0.88
1610028326000,1.0004756589600734,203.89907458103303,18.28
1610095037000,1.0000745334382646,195.26047380641972,2.90
1610160525000,1.000080792795048,191.73786984142964,3.00
1610227531000,1.0000022161763957,191.97689572822782,0.08
1610293257000,1.0000707340706214,189.96170174925265,2.63
1610360087000,1.00009436587968,185.9427282898386,3.55
1610426201000,1.000625842202744,194.60113974237902,24.80
1610491795000,1.0000067606034129,196.36256156613848,0.24
1610558675000,1.0000253090678612,193.36261082609437,0.92
1610624387000,1.0004196836794537,184.2307803646181,15.63
1610691633000,1.0000006069362763,184.15334236362443,0.02
1610756963000,1.0016996838784957,195.07119471569806,63.42
1610823692000,1.0004273328695965,193.14469003995788,15.66
1610890333000,1.0000010202573677,193.407306352588,0.04
1610956120000,1.0000157837697203,197.52722054943547,0.57
1611023041000,1.0002899431494197,191.16081857648234,10.55
1611089195000,1.0011998974944645,192.45837995193978,44.78
1611155239000,1.0000081812567725,190.36784378240657,0.30
1611221796000,1.000513691168784,197.092441346098,18.87
1611287519000,1.0,197.092441346098,0.00
1611354273000,1.0000069419551578,198.92667868809264,0.25
1611420746000,1.0,198.92667868809264,0.00
1611487072000,1.0000660031031425,188.251671531755,2.43
1611553245000,1.0000004768548922,188.13217842517977,0.02
1611619442000,1.0000368542727862,197.70408004887508,1.36
1611685824000,1.000008349489234,199.92019740453708,0.30
1611752604000,1.0001249380069435,192.6233607521819,4.55
1611819461000,1.0002930268598427,188.66512478783602,11.33
1611885719000,1.0,188.66512478783602,0.00
1611952682000,1.0000057943613678,190.12899001907294,0.21
1612019067000,1.0000105242645458,192.45981859596577,0.39
1612085911000,1.0000412554104627,196.5799722617771,1.51
1612150933000,1.000095339939462,192.48339024868244,3.48
1612218140000,1.0000401169665454,203.19048840652667,1.46
1612284853000,1.0000776720639035,193.27251728564244,2.85
1612351590000,1.0,193.27251728564244,0.00
1612418476000,1.0,193.27251728564244,0.00
1612484334000,1.0,193.27251728564244,0.00
1612550762000,1.0000485113486182,200.66923859241908,1.78
1612617616000,1.000011782762544,197.53374684244451,0.42
1612683509000,1.0004345904668477,192.8974519159431,16.13
1612749886000,1.0000104371115974,195.60599498228137,0.38
1612817059000,1.0,195.60599498228137,0.00
1612883550000,1.000000451899894,195.72373039364211,0.02
1612950119000,1.0002262127004755,191.9640811636118,8.27
1613016059000,1.000136000796828,191.655692053124,4.97
1613082589000,1.0001181280649847,189.74063145394285,4.31
1613148664000,1.000011400885464,192.65368953016306,0.42
1613215266000,1.0013683854809212,189.73684998547083,49.97
1613281191000,1.000032328905843,181.69658626153353,1.21
1613347854000,1.0000361555357418,190.71383838311934,1.35
1613413713000,1.0,190.71383838311934,0.00
1613480678000,1.0000133530987902,194.149962370179,0.49
1613547535000,1.0000006947476645,194.32966416492334,0.03
1613613641000,1.0,194.32966416492334,0.00
1613680790000,1.0000137040781432,190.80037419677922,0.50
1613746375000,1.000040704664735,196.53300322344433,1.49
1613812701000,1.000007968294143,198.63180366649172,0.29
1613880066000,1.0,198.63180366649172,0.00
1613945917000,1.000098772913545,189.7392803610561,3.59
1614012304000,1.0000087419389112,191.9669649855701,0.32
1614079671000,1.0,191.9669649855701,0.00
1614144701000,1.0000095511642502,194.43144186448936,0.35
1614211964000,1.000010639895886,197.21513538515657,0.39
